 z[m] p[mb]  tls[K/s] qls[kg/kg/s] uls  vls  wls[m/s]
 214.875,  29, 937.31  day,levels,pres0
-999.	1000.0	0.	0.	1.401	1.320	0.
-999.	975.0	0.	0.	1.403	1.307	0.
-999.	950.0	0.	0.	1.390	1.318	0.
-999.	925.0	0.	0.	1.397	1.308	0.
-999.	900.0	0.	0.	1.390	1.291	0.
-999.	875.0	0.	0.	1.344	1.214	0.
-999.	850.0	0.	0.	1.306	1.131	0.
-999.	825.0	0.	0.	1.267	1.040	0.
-999.	800.0	0.	0.	1.148	0.997	0.
-999.	775.0	0.	0.	0.473	1.277	0.
-999.	750.0	0.	0.	-0.47	2.454	0.
-999.	725.0	0.	0.	-1.07	3.302	0.
-999.	700.0	0.	0.	-1.67	4.462	0.
-999.	650.0	0.	0.	-2.71	6.270	0.
-999.	600.0	0.	0.	-3.86	7.743	0.
-999.	550.0	0.	0.	-5.29	9.067	0.
-999.	500.0	0.	0.	-7.12	11.02	0.
-999.	450.0	0.	0.	-8.92	14.11	0.
-999.	400.0	0.	0.	-11.2	17.45	0.
-999.	350.0	0.	0.	-13.0	20.72	0.
-999.	300.0	0.	0.	-14.3	23.61	0.
-999.	275.0	0.	0.	-15.1	24.43	0.
-999.	250.0	0.	0.	-16.6	24.93	0.
-999.	225.0	0.	0.	-16.4	24.91	0.
-999.	200.0	0.	0.	-14.1	24.60	0.
-999.	175.0	0.	0.	-14.1	22.04	0.
-999.	150.0	0.	0.	-11.7	15.98	0.
-999.	125.0	0.	0.	-9.50	11.29	0.
-999.	100.0	0.	0.	-5.31	5.771	0.
 215.875,  29, 937.31  day,levels,pres0
-999.	1000.0	0.	0.	1.401	1.320	0.
-999.	975.0	0.	0.	1.403	1.307	0.
-999.	950.0	0.	0.	1.390	1.318	0.
-999.	925.0	0.	0.	1.397	1.308	0.
-999.	900.0	0.	0.	1.390	1.291	0.
-999.	875.0	0.	0.	1.344	1.214	0.
-999.	850.0	0.	0.	1.306	1.131	0.
-999.	825.0	0.	0.	1.267	1.040	0.
-999.	800.0	0.	0.	1.148	0.997	0.
-999.	775.0	0.	0.	0.473	1.277	0.
-999.	750.0	0.	0.	-0.47	2.454	0.
-999.	725.0	0.	0.	-1.07	3.302	0.
-999.	700.0	0.	0.	-1.67	4.462	0.
-999.	650.0	0.	0.	-2.71	6.270	0.
-999.	600.0	0.	0.	-3.86	7.743	0.
-999.	550.0	0.	0.	-5.29	9.067	0.
-999.	500.0	0.	0.	-7.12	11.02	0.
-999.	450.0	0.	0.	-8.92	14.11	0.
-999.	400.0	0.	0.	-11.2	17.45	0.
-999.	350.0	0.	0.	-13.0	20.72	0.
-999.	300.0	0.	0.	-14.3	23.61	0.
-999.	275.0	0.	0.	-15.1	24.43	0.
-999.	250.0	0.	0.	-16.6	24.93	0.
-999.	225.0	0.	0.	-16.4	24.91	0.
-999.	200.0	0.	0.	-14.1	24.60	0.
-999.	175.0	0.	0.	-14.1	22.04	0.
-999.	150.0	0.	0.	-11.7	15.98	0.
-999.	125.0	0.	0.	-9.50	11.29	0.
-999.	100.0	0.	0.	-5.31	5.771	0.
 216.875,  29, 937.31  day,levels,pres0
-999.	1000.0	0.	0.	1.401	1.320	0.
-999.	975.0	0.	0.	1.403	1.307	0.
-999.	950.0	0.	0.	1.390	1.318	0.
-999.	925.0	0.	0.	1.397	1.308	0.
-999.	900.0	0.	0.	1.390	1.291	0.
-999.	875.0	0.	0.	1.344	1.214	0.
-999.	850.0	0.	0.	1.306	1.131	0.
-999.	825.0	0.	0.	1.267	1.040	0.
-999.	800.0	0.	0.	1.148	0.997	0.
-999.	775.0	0.	0.	0.473	1.277	0.
-999.	750.0	0.	0.	-0.47	2.454	0.
-999.	725.0	0.	0.	-1.07	3.302	0.
-999.	700.0	0.	0.	-1.67	4.462	0.
-999.	650.0	0.	0.	-2.71	6.270	0.
-999.	600.0	0.	0.	-3.86	7.743	0.
-999.	550.0	0.	0.	-5.29	9.067	0.
-999.	500.0	0.	0.	-7.12	11.02	0.
-999.	450.0	0.	0.	-8.92	14.11	0.
-999.	400.0	0.	0.	-11.2	17.45	0.
-999.	350.0	0.	0.	-13.0	20.72	0.
-999.	300.0	0.	0.	-14.3	23.61	0.
-999.	275.0	0.	0.	-15.1	24.43	0.
-999.	250.0	0.	0.	-16.6	24.93	0.
-999.	225.0	0.	0.	-16.4	24.91	0.
-999.	200.0	0.	0.	-14.1	24.60	0.
-999.	175.0	0.	0.	-14.1	22.04	0.
-999.	150.0	0.	0.	-11.7	15.98	0.
-999.	125.0	0.	0.	-9.50	11.29	0.
-999.	100.0	0.	0.	-5.31	5.771	0.
 217.875,  29, 937.31  day,levels,pres0
-999.	1000.0	0.	0.	1.401	1.320	0.
-999.	975.0	0.	0.	1.403	1.307	0.
-999.	950.0	0.	0.	1.390	1.318	0.
-999.	925.0	0.	0.	1.397	1.308	0.
-999.	900.0	0.	0.	1.390	1.291	0.
-999.	875.0	0.	0.	1.344	1.214	0.
-999.	850.0	0.	0.	1.306	1.131	0.
-999.	825.0	0.	0.	1.267	1.040	0.
-999.	800.0	0.	0.	1.148	0.997	0.
-999.	775.0	0.	0.	0.473	1.277	0.
-999.	750.0	0.	0.	-0.47	2.454	0.
-999.	725.0	0.	0.	-1.07	3.302	0.
-999.	700.0	0.	0.	-1.67	4.462	0.
-999.	650.0	0.	0.	-2.71	6.270	0.
-999.	600.0	0.	0.	-3.86	7.743	0.
-999.	550.0	0.	0.	-5.29	9.067	0.
-999.	500.0	0.	0.	-7.12	11.02	0.
-999.	450.0	0.	0.	-8.92	14.11	0.
-999.	400.0	0.	0.	-11.2	17.45	0.
-999.	350.0	0.	0.	-13.0	20.72	0.
-999.	300.0	0.	0.	-14.3	23.61	0.
-999.	275.0	0.	0.	-15.1	24.43	0.
-999.	250.0	0.	0.	-16.6	24.93	0.
-999.	225.0	0.	0.	-16.4	24.91	0.
-999.	200.0	0.	0.	-14.1	24.60	0.
-999.	175.0	0.	0.	-14.1	22.04	0.
-999.	150.0	0.	0.	-11.7	15.98	0.
-999.	125.0	0.	0.	-9.50	11.29	0.
-999.	100.0	0.	0.	-5.31	5.771	0.
