 z[m] p[mb] tp[K] q[g/kg] u[m/s] v[m/s]
 214.875,  29, 937.31  day,levels,pres0
-999.	1000.0	299.95	5.7367	1.401	1.320
-999.	975.0	300.63	5.3739	1.403	1.307
-999.	950.0	301.44	5.0703	1.390	1.318
-999.	925.0	303.64	4.7418	1.397	1.308
-999.	900.0	303.29	4.6975	1.390	1.291
-999.	875.0	303.12	4.6626	1.344	1.214
-999.	850.0	303.01	4.6210	1.306	1.131
-999.	825.0	302.96	4.5762	1.267	1.040
-999.	800.0	302.94	4.4814	1.148	0.997
-999.	775.0	303.31	2.8233	0.473	1.277
-999.	750.0	305.38	0.9184	-0.47	2.454
-999.	725.0	307.53	0.6323	-1.07	3.302
-999.	700.0	308.97	0.6719	-1.67	4.462
-999.	650.0	311.45	0.6101	-2.71	6.270
-999.	600.0	314.25	0.4011	-3.86	7.743
-999.	550.0	316.68	0.2880	-5.29	9.067
-999.	500.0	319.18	0.3421	-7.12	11.02
-999.	450.0	321.44	0.7797	-8.92	14.11
-999.	400.0	324.03	0.8170	-11.2	17.45
-999.	350.0	327.35	0.4321	-13.0	20.72
-999.	300.0	330.97	0.1941	-14.3	23.61
-999.	275.0	332.89	0.1342	-15.1	24.43
-999.	250.0	334.90	0.0889	-16.6	24.93
-999.	225.0	337.40	0.0581	-16.4	24.91
-999.	200.0	342.13	0.0383	-14.1	24.60
-999.	175.0	352.13	0.0334	-14.1	22.04
-999.	150.0	370.14	0.0304	-11.7	15.98
-999.	125.0	393.45	0.0188	-9.50	11.29
-999.	100.0	422.34	0.0112	-5.31	5.771
 215.875,  29, 937.31  day,levels,pres0
-999.	1000.0	299.95	5.7367	1.401	1.320
-999.	975.0	300.63	5.3739	1.403	1.307
-999.	950.0	301.44	5.0703	1.390	1.318
-999.	925.0	303.64	4.7418	1.397	1.308
-999.	900.0	303.29	4.6975	1.390	1.291
-999.	875.0	303.12	4.6626	1.344	1.214
-999.	850.0	303.01	4.6210	1.306	1.131
-999.	825.0	302.96	4.5762	1.267	1.040
-999.	800.0	302.94	4.4814	1.148	0.997
-999.	775.0	303.31	2.8233	0.473	1.277
-999.	750.0	305.38	0.9184	-0.47	2.454
-999.	725.0	307.53	0.6323	-1.07	3.302
-999.	700.0	308.97	0.6719	-1.67	4.462
-999.	650.0	311.45	0.6101	-2.71	6.270
-999.	600.0	314.25	0.4011	-3.86	7.743
-999.	550.0	316.68	0.2880	-5.29	9.067
-999.	500.0	319.18	0.3421	-7.12	11.02
-999.	450.0	321.44	0.7797	-8.92	14.11
-999.	400.0	324.03	0.8170	-11.2	17.45
-999.	350.0	327.35	0.4321	-13.0	20.72
-999.	300.0	330.97	0.1941	-14.3	23.61
-999.	275.0	332.89	0.1342	-15.1	24.43
-999.	250.0	334.90	0.0889	-16.6	24.93
-999.	225.0	337.40	0.0581	-16.4	24.91
-999.	200.0	342.13	0.0383	-14.1	24.60
-999.	175.0	352.13	0.0334	-14.1	22.04
-999.	150.0	370.14	0.0304	-11.7	15.98
-999.	125.0	393.45	0.0188	-9.50	11.29
-999.	100.0	422.34	0.0112	-5.31	5.771
 216.875,  29, 937.31  day,levels,pres0
-999.	1000.0	299.95	5.7367	1.401	1.320
-999.	975.0	300.63	5.3739	1.403	1.307
-999.	950.0	301.44	5.0703	1.390	1.318
-999.	925.0	303.64	4.7418	1.397	1.308
-999.	900.0	303.29	4.6975	1.390	1.291
-999.	875.0	303.12	4.6626	1.344	1.214
-999.	850.0	303.01	4.6210	1.306	1.131
-999.	825.0	302.96	4.5762	1.267	1.040
-999.	800.0	302.94	4.4814	1.148	0.997
-999.	775.0	303.31	2.8233	0.473	1.277
-999.	750.0	305.38	0.9184	-0.47	2.454
-999.	725.0	307.53	0.6323	-1.07	3.302
-999.	700.0	308.97	0.6719	-1.67	4.462
-999.	650.0	311.45	0.6101	-2.71	6.270
-999.	600.0	314.25	0.4011	-3.86	7.743
-999.	550.0	316.68	0.2880	-5.29	9.067
-999.	500.0	319.18	0.3421	-7.12	11.02
-999.	450.0	321.44	0.7797	-8.92	14.11
-999.	400.0	324.03	0.8170	-11.2	17.45
-999.	350.0	327.35	0.4321	-13.0	20.72
-999.	300.0	330.97	0.1941	-14.3	23.61
-999.	275.0	332.89	0.1342	-15.1	24.43
-999.	250.0	334.90	0.0889	-16.6	24.93
-999.	225.0	337.40	0.0581	-16.4	24.91
-999.	200.0	342.13	0.0383	-14.1	24.60
-999.	175.0	352.13	0.0334	-14.1	22.04
-999.	150.0	370.14	0.0304	-11.7	15.98
-999.	125.0	393.45	0.0188	-9.50	11.29
-999.	100.0	422.34	0.0112	-5.31	5.771
 217.875,  29, 937.31  day,levels,pres0
-999.	1000.0	299.95	5.7367	1.401	1.320
-999.	975.0	300.63	5.3739	1.403	1.307
-999.	950.0	301.44	5.0703	1.390	1.318
-999.	925.0	303.64	4.7418	1.397	1.308
-999.	900.0	303.29	4.6975	1.390	1.291
-999.	875.0	303.12	4.6626	1.344	1.214
-999.	850.0	303.01	4.6210	1.306	1.131
-999.	825.0	302.96	4.5762	1.267	1.040
-999.	800.0	302.94	4.4814	1.148	0.997
-999.	775.0	303.31	2.8233	0.473	1.277
-999.	750.0	305.38	0.9184	-0.47	2.454
-999.	725.0	307.53	0.6323	-1.07	3.302
-999.	700.0	308.97	0.6719	-1.67	4.462
-999.	650.0	311.45	0.6101	-2.71	6.270
-999.	600.0	314.25	0.4011	-3.86	7.743
-999.	550.0	316.68	0.2880	-5.29	9.067
-999.	500.0	319.18	0.3421	-7.12	11.02
-999.	450.0	321.44	0.7797	-8.92	14.11
-999.	400.0	324.03	0.8170	-11.2	17.45
-999.	350.0	327.35	0.4321	-13.0	20.72
-999.	300.0	330.97	0.1941	-14.3	23.61
-999.	275.0	332.89	0.1342	-15.1	24.43
-999.	250.0	334.90	0.0889	-16.6	24.93
-999.	225.0	337.40	0.0581	-16.4	24.91
-999.	200.0	342.13	0.0383	-14.1	24.60
-999.	175.0	352.13	0.0334	-14.1	22.04
-999.	150.0	370.14	0.0304	-11.7	15.98
-999.	125.0	393.45	0.0188	-9.50	11.29
-999.	100.0	422.34	0.0112	-5.31	5.771
