 z[m] p[mb]  tls[K/s] qls[kg/kg/s] uls  vls  wls[m/s]
 220.75,  29, 918.47  day,levels,pres0
-999.	1000.0	0.	0.	-3.57	3.231	0.
-999.	975.0	0.	0.	0.009	3.225	0.
-999.	950.0	0.	0.	0.001	3.219	0.
-999.	925.0	0.	0.	0.011	3.215	0.
-999.	900.0	0.	0.	0.018	3.226	0.
-999.	875.0	0.	0.	0.000	3.219	0.
-999.	850.0	0.	0.	-0.02	3.246	0.
-999.	825.0	0.	0.	1.111	2.765	0.
-999.	800.0	0.	0.	2.825	1.602	0.
-999.	775.0	0.	0.	3.340	1.747	0.
-999.	750.0	0.	0.	3.871	2.528	0.
-999.	725.0	0.	0.	4.309	3.372	0.
-999.	700.0	0.	0.	4.775	4.007	0.
-999.	650.0	0.	0.	5.656	4.345	0.
-999.	600.0	0.	0.	7.581	4.167	0.
-999.	550.0	0.	0.	9.499	4.453	0.
-999.	500.0	0.	0.	11.73	3.994	0.
-999.	450.0	0.	0.	11.77	3.086	0.
-999.	400.0	0.	0.	9.853	3.186	0.
-999.	350.0	0.	0.	6.317	3.393	0.
-999.	300.0	0.	0.	3.084	3.606	0.
-999.	275.0	0.	0.	2.182	4.082	0.
-999.	250.0	0.	0.	3.386	4.327	0.
-999.	225.0	0.	0.	4.229	3.192	0.
-999.	200.0	0.	0.	5.901	1.871	0.
-999.	175.0	0.	0.	5.004	-0.81	0.
-999.	150.0	0.	0.	2.038	-2.12	0.
-999.	125.0	0.	0.	1.241	-1.12	0.
-999.	100.0	0.	0.	0.947	0.036	0.
 221.75,  29, 918.47  day,levels,pres0
-999.	1000.0	0.	0.	-3.57	3.231	0.
-999.	975.0	0.	0.	0.009	3.225	0.
-999.	950.0	0.	0.	0.001	3.219	0.
-999.	925.0	0.	0.	0.011	3.215	0.
-999.	900.0	0.	0.	0.018	3.226	0.
-999.	875.0	0.	0.	0.000	3.219	0.
-999.	850.0	0.	0.	-0.02	3.246	0.
-999.	825.0	0.	0.	1.111	2.765	0.
-999.	800.0	0.	0.	2.825	1.602	0.
-999.	775.0	0.	0.	3.340	1.747	0.
-999.	750.0	0.	0.	3.871	2.528	0.
-999.	725.0	0.	0.	4.309	3.372	0.
-999.	700.0	0.	0.	4.775	4.007	0.
-999.	650.0	0.	0.	5.656	4.345	0.
-999.	600.0	0.	0.	7.581	4.167	0.
-999.	550.0	0.	0.	9.499	4.453	0.
-999.	500.0	0.	0.	11.73	3.994	0.
-999.	450.0	0.	0.	11.77	3.086	0.
-999.	400.0	0.	0.	9.853	3.186	0.
-999.	350.0	0.	0.	6.317	3.393	0.
-999.	300.0	0.	0.	3.084	3.606	0.
-999.	275.0	0.	0.	2.182	4.082	0.
-999.	250.0	0.	0.	3.386	4.327	0.
-999.	225.0	0.	0.	4.229	3.192	0.
-999.	200.0	0.	0.	5.901	1.871	0.
-999.	175.0	0.	0.	5.004	-0.81	0.
-999.	150.0	0.	0.	2.038	-2.12	0.
-999.	125.0	0.	0.	1.241	-1.12	0.
-999.	100.0	0.	0.	0.947	0.036	0.
 222.75,  29, 918.47  day,levels,pres0
-999.	1000.0	0.	0.	-3.57	3.231	0.
-999.	975.0	0.	0.	0.009	3.225	0.
-999.	950.0	0.	0.	0.001	3.219	0.
-999.	925.0	0.	0.	0.011	3.215	0.
-999.	900.0	0.	0.	0.018	3.226	0.
-999.	875.0	0.	0.	0.000	3.219	0.
-999.	850.0	0.	0.	-0.02	3.246	0.
-999.	825.0	0.	0.	1.111	2.765	0.
-999.	800.0	0.	0.	2.825	1.602	0.
-999.	775.0	0.	0.	3.340	1.747	0.
-999.	750.0	0.	0.	3.871	2.528	0.
-999.	725.0	0.	0.	4.309	3.372	0.
-999.	700.0	0.	0.	4.775	4.007	0.
-999.	650.0	0.	0.	5.656	4.345	0.
-999.	600.0	0.	0.	7.581	4.167	0.
-999.	550.0	0.	0.	9.499	4.453	0.
-999.	500.0	0.	0.	11.73	3.994	0.
-999.	450.0	0.	0.	11.77	3.086	0.
-999.	400.0	0.	0.	9.853	3.186	0.
-999.	350.0	0.	0.	6.317	3.393	0.
-999.	300.0	0.	0.	3.084	3.606	0.
-999.	275.0	0.	0.	2.182	4.082	0.
-999.	250.0	0.	0.	3.386	4.327	0.
-999.	225.0	0.	0.	4.229	3.192	0.
-999.	200.0	0.	0.	5.901	1.871	0.
-999.	175.0	0.	0.	5.004	-0.81	0.
-999.	150.0	0.	0.	2.038	-2.12	0.
-999.	125.0	0.	0.	1.241	-1.12	0.
-999.	100.0	0.	0.	0.947	0.036	0.
