 z[m] p[mb] tp[K] q[g/kg] u[m/s] v[m/s]
 220.75,  29, 918.47  day,levels,pres0
-999.	1000.0	304.18	9.9065	-3.57	3.231
-999.	975.0	304.81	9.2995	0.009	3.225
-999.	950.0	305.62	8.7609	0.001	3.219
-999.	925.0	307.29	8.0873	0.011	3.215
-999.	900.0	307.45	7.8732	0.018	3.226
-999.	875.0	307.74	7.5635	0.000	3.219
-999.	850.0	307.68	7.5135	-0.02	3.246
-999.	825.0	308.19	7.1450	1.111	2.765
-999.	800.0	309.04	6.6876	2.825	1.602
-999.	775.0	309.81	6.3170	3.340	1.747
-999.	750.0	310.39	5.9542	3.871	2.528
-999.	725.0	310.76	5.6401	4.309	3.372
-999.	700.0	311.04	5.3809	4.775	4.007
-999.	650.0	312.14	4.7520	5.656	4.345
-999.	600.0	313.97	3.7870	7.581	4.167
-999.	550.0	315.7	2.9142	9.499	4.453
-999.	500.0	317.65	2.0899	11.73	3.994
-999.	450.0	320.39	1.3766	11.77	3.086
-999.	400.0	323.28	0.7730	9.853	3.186
-999.	350.0	325.66	0.3971	6.317	3.393
-999.	300.0	327.68	0.1698	3.084	3.606
-999.	275.0	328.18	0.1155	2.182	4.082
-999.	250.0	329.21	0.0680	3.386	4.327
-999.	225.0	330.67	0.0334	4.229	3.192
-999.	200.0	336.44	0.0227	5.901	1.871
-999.	175.0	352.21	0.0322	5.004	-0.81
-999.	150.0	371.64	0.0286	2.038	-2.12
-999.	125.0	392.91	0.0174	1.241	-1.12
-999.	100.0	419.27	0.0108	0.947	0.036
 221.75,  29, 918.47  day,levels,pres0
-999.	1000.0	304.18	9.9065	-3.57	3.231
-999.	975.0	304.81	9.2995	0.009	3.225
-999.	950.0	305.62	8.7609	0.001	3.219
-999.	925.0	307.29	8.0873	0.011	3.215
-999.	900.0	307.45	7.8732	0.018	3.226
-999.	875.0	307.74	7.5635	0.000	3.219
-999.	850.0	307.68	7.5135	-0.02	3.246
-999.	825.0	308.19	7.1450	1.111	2.765
-999.	800.0	309.04	6.6876	2.825	1.602
-999.	775.0	309.81	6.3170	3.340	1.747
-999.	750.0	310.39	5.9542	3.871	2.528
-999.	725.0	310.76	5.6401	4.309	3.372
-999.	700.0	311.04	5.3809	4.775	4.007
-999.	650.0	312.14	4.7520	5.656	4.345
-999.	600.0	313.97	3.7870	7.581	4.167
-999.	550.0	315.7	2.9142	9.499	4.453
-999.	500.0	317.65	2.0899	11.73	3.994
-999.	450.0	320.39	1.3766	11.77	3.086
-999.	400.0	323.28	0.7730	9.853	3.186
-999.	350.0	325.66	0.3971	6.317	3.393
-999.	300.0	327.68	0.1698	3.084	3.606
-999.	275.0	328.18	0.1155	2.182	4.082
-999.	250.0	329.21	0.0680	3.386	4.327
-999.	225.0	330.67	0.0334	4.229	3.192
-999.	200.0	336.44	0.0227	5.901	1.871
-999.	175.0	352.21	0.0322	5.004	-0.81
-999.	150.0	371.64	0.0286	2.038	-2.12
-999.	125.0	392.91	0.0174	1.241	-1.12
-999.	100.0	419.27	0.0108	0.947	0.036
 222.75,  29, 918.47  day,levels,pres0
-999.	1000.0	304.18	9.9065	-3.57	3.231
-999.	975.0	304.81	9.2995	0.009	3.225
-999.	950.0	305.62	8.7609	0.001	3.219
-999.	925.0	307.29	8.0873	0.011	3.215
-999.	900.0	307.45	7.8732	0.018	3.226
-999.	875.0	307.74	7.5635	0.000	3.219
-999.	850.0	307.68	7.5135	-0.02	3.246
-999.	825.0	308.19	7.1450	1.111	2.765
-999.	800.0	309.04	6.6876	2.825	1.602
-999.	775.0	309.81	6.3170	3.340	1.747
-999.	750.0	310.39	5.9542	3.871	2.528
-999.	725.0	310.76	5.6401	4.309	3.372
-999.	700.0	311.04	5.3809	4.775	4.007
-999.	650.0	312.14	4.7520	5.656	4.345
-999.	600.0	313.97	3.7870	7.581	4.167
-999.	550.0	315.7	2.9142	9.499	4.453
-999.	500.0	317.65	2.0899	11.73	3.994
-999.	450.0	320.39	1.3766	11.77	3.086
-999.	400.0	323.28	0.7730	9.853	3.186
-999.	350.0	325.66	0.3971	6.317	3.393
-999.	300.0	327.68	0.1698	3.084	3.606
-999.	275.0	328.18	0.1155	2.182	4.082
-999.	250.0	329.21	0.0680	3.386	4.327
-999.	225.0	330.67	0.0334	4.229	3.192
-999.	200.0	336.44	0.0227	5.901	1.871
-999.	175.0	352.21	0.0322	5.004	-0.81
-999.	150.0	371.64	0.0286	2.038	-2.12
-999.	125.0	392.91	0.0174	1.241	-1.12
-999.	100.0	419.27	0.0108	0.947	0.036
