 z[m] p[mb]  tls[K/s] qls[kg/kg/s] uls  vls  wls[m/s]
 320.75,  29, 988.77  day,levels,pres0
-999.	1000.0	0.	0.	2.546	-0.12	0.
-999.	975.0	0.	0.	2.543	-0.12	0.
-999.	950.0	0.	0.	-6.38	-1.84	0.
-999.	925.0	0.	0.	-5.56	-1.00	0.
-999.	900.0	0.	0.	-2.16	3.388	0.
-999.	875.0	0.	0.	-2.22	3.203	0.
-999.	850.0	0.	0.	3.0	4.188	0.
-999.	825.0	0.	0.	4.473	4.531	0.
-999.	800.0	0.	0.	2.981	3.327	0.
-999.	775.0	0.	0.	-2.22	1.364	0.
-999.	750.0	0.	0.	-2.12	2.366	0.
-999.	725.0	0.	0.	-1.83	3.062	0.
-999.	700.0	0.	0.	-1.44	3.396	0.
-999.	650.0	0.	0.	-1.42	3.474	0.
-999.	600.0	0.	0.	-1.07	3.137	0.
-999.	550.0	0.	0.	-0.17	3.894	0.
-999.	500.0	0.	0.	0.302	5.233	0.
-999.	450.0	0.	0.	0.528	6.592	0.
-999.	400.0	0.	0.	1.662	8.151	0.
-999.	350.0	0.	0.	2.429	8.640	0.
-999.	300.0	0.	0.	2.253	7.909	0.
-999.	275.0	0.	0.	2.775	6.868	0.
-999.	250.0	0.	0.	3.468	5.704	0.
-999.	225.0	0.	0.	3.546	5.847	0.
-999.	200.0	0.	0.	2.967	7.923	0.
-999.	175.0	0.	0.	4.954	13.80	0.
-999.	150.0	0.	0.	9.240	16.92	0.
-999.	125.0	0.	0.	6.269	18.09	0.
-999.	100.0	0.	0.	4.352	17.11	0.
 321.75,  29, 988.77  day,levels,pres0
-999.	1000.0	0.	0.	2.546	-0.12	0.
-999.	975.0	0.	0.	2.543	-0.12	0.
-999.	950.0	0.	0.	-6.38	-1.84	0.
-999.	925.0	0.	0.	-5.56	-1.00	0.
-999.	900.0	0.	0.	-2.16	3.388	0.
-999.	875.0	0.	0.	-1.22	5.203	0.
-999.	850.0	0.	0.	2.0	6.188	0.
-999.	825.0	0.	0.	4.473	4.531	0.
-999.	800.0	0.	0.	2.981	3.327	0.
-999.	775.0	0.	0.	-2.22	1.364	0.
-999.	750.0	0.	0.	-2.12	2.366	0.
-999.	725.0	0.	0.	-1.83	3.062	0.
-999.	700.0	0.	0.	-1.44	3.396	0.
-999.	650.0	0.	0.	-1.42	3.474	0.
-999.	600.0	0.	0.	-1.07	3.137	0.
-999.	550.0	0.	0.	-0.17	3.894	0.
-999.	500.0	0.	0.	0.302	5.233	0.
-999.	450.0	0.	0.	0.528	6.592	0.
-999.	400.0	0.	0.	1.662	8.151	0.
-999.	350.0	0.	0.	2.429	8.640	0.
-999.	300.0	0.	0.	2.253	7.909	0.
-999.	275.0	0.	0.	2.775	6.868	0.
-999.	250.0	0.	0.	3.468	5.704	0.
-999.	225.0	0.	0.	3.546	5.847	0.
-999.	200.0	0.	0.	2.967	7.923	0.
-999.	175.0	0.	0.	4.954	13.80	0.
-999.	150.0	0.	0.	9.240	16.92	0.
-999.	125.0	0.	0.	6.269	18.09	0.
-999.	100.0	0.	0.	4.352	17.11	0.
 322.75,  29, 988.77  day,levels,pres0
-999.	1000.0	0.	0.	2.546	-0.12	0.
-999.	975.0	0.	0.	2.543	-0.12	0.
-999.	950.0	0.	0.	-6.38	-1.84	0.
-999.	925.0	0.	0.	-5.56	-1.00	0.
-999.	900.0	0.	0.	-2.16	3.388	0.
-999.	875.0	0.	0.	-2.22	3.203	0.
-999.	850.0	0.	0.	3.0	4.188	0.
-999.	825.0	0.	0.	4.473	4.531	0.
-999.	800.0	0.	0.	2.981	3.327	0.
-999.	775.0	0.	0.	-2.22	1.364	0.
-999.	750.0	0.	0.	-2.12	2.366	0.
-999.	725.0	0.	0.	-1.83	3.062	0.
-999.	700.0	0.	0.	-1.44	3.396	0.
-999.	650.0	0.	0.	-1.42	3.474	0.
-999.	600.0	0.	0.	-1.07	3.137	0.
-999.	550.0	0.	0.	-0.17	3.894	0.
-999.	500.0	0.	0.	0.302	5.233	0.
-999.	450.0	0.	0.	0.528	6.592	0.
-999.	400.0	0.	0.	1.662	8.151	0.
-999.	350.0	0.	0.	2.429	8.640	0.
-999.	300.0	0.	0.	2.253	7.909	0.
-999.	275.0	0.	0.	2.775	6.868	0.
-999.	250.0	0.	0.	3.468	5.704	0.
-999.	225.0	0.	0.	3.546	5.847	0.
-999.	200.0	0.	0.	2.967	7.923	0.
-999.	175.0	0.	0.	4.954	13.80	0.
-999.	150.0	0.	0.	9.240	16.92	0.
-999.	125.0	0.	0.	6.269	18.09	0.
-999.	100.0	0.	0.	4.352	17.11	0.
