 z[m] p[mb] tp[K] q[g/kg] u[m/s] v[m/s]
 320.75,  29, 988.77  day,levels,pres0
-999.	1000.0	291.35	4.0424	2.546	-0.12
-999.	975.0	293.83	2.7878	2.543	-0.12
-999.	950.0	295.62	2.0646	-6.38	-1.84
-999.	925.0	297.37	1.8500	-5.56	-1.00
-999.	900.0	298.62	1.7909	-2.16	3.388
-999.	875.0	299.84	1.7497	-2.22	3.203
-999.	850.0	300.81	1.7566	3.0	4.188
-999.	825.0	302.05	1.8000	4.473	4.531
-999.	800.0	303.59	1.9236	2.981	3.327
-999.	775.0	305.02	2.0739	-2.22	1.364
-999.	750.0	306.16	2.1015	-2.12	2.366
-999.	725.0	307.08	1.9740	-1.83	3.062
-999.	700.0	307.93	1.7732	-1.44	3.396
-999.	650.0	310.08	1.1132	-1.42	3.474
-999.	600.0	312.91	0.6544	-1.07	3.137
-999.	550.0	314.88	0.5033	-0.17	3.894
-999.	500.0	317.05	0.3241	0.302	5.233
-999.	450.0	319.65	0.1922	0.528	6.592
-999.	400.0	322.46	0.1483	1.662	8.151
-999.	350.0	325.66	0.0920	2.429	8.640
-999.	300.0	328.60	0.0516	2.253	7.909
-999.	275.0	330.23	0.0401	2.775	6.868
-999.	250.0	332.43	0.0329	3.468	5.704
-999.	225.0	335.14	0.0294	3.546	5.847
-999.	200.0	338.73	0.0268	2.967	7.923
-999.	175.0	344.87	0.0162	4.954	13.80
-999.	150.0	354.35	0.0108	9.240	16.92
-999.	125.0	371.46	0.0077	6.269	18.09
-999.	100.0	397.54	0.0038	4.352	17.11
 321.75,  29, 988.77  day,levels,pres0
-999.	1000.0	291.35	4.0424	2.546	-0.12
-999.	975.0	293.83	2.7878	2.543	-0.12
-999.	950.0	295.62	2.0646	-6.38	-1.84
-999.	925.0	297.37	1.8500	-5.56	-1.00
-999.	900.0	298.62	1.7909	-2.16	3.388
-999.	875.0	299.84	1.7497	-2.22	3.203
-999.	850.0	300.81	1.7566	3.0	4.188
-999.	825.0	302.05	1.8000	4.473	4.531
-999.	800.0	303.59	1.9236	2.981	3.327
-999.	775.0	305.02	2.0739	-2.22	1.364
-999.	750.0	306.16	2.1015	-2.12	2.366
-999.	725.0	307.08	1.9740	-1.83	3.062
-999.	700.0	307.93	1.7732	-1.44	3.396
-999.	650.0	310.08	1.1132	-1.42	3.474
-999.	600.0	312.91	0.6544	-1.07	3.137
-999.	550.0	314.88	0.5033	-0.17	3.894
-999.	500.0	317.05	0.3241	0.302	5.233
-999.	450.0	319.65	0.1922	0.528	6.592
-999.	400.0	322.46	0.1483	1.662	8.151
-999.	350.0	325.66	0.0920	2.429	8.640
-999.	300.0	328.60	0.0516	2.253	7.909
-999.	275.0	330.23	0.0401	2.775	6.868
-999.	250.0	332.43	0.0329	3.468	5.704
-999.	225.0	335.14	0.0294	3.546	5.847
-999.	200.0	338.73	0.0268	2.967	7.923
-999.	175.0	344.87	0.0162	4.954	13.80
-999.	150.0	354.35	0.0108	9.240	16.92
-999.	125.0	371.46	0.0077	6.269	18.09
-999.	100.0	397.54	0.0038	4.352	17.11
 322.75,  29, 988.77  day,levels,pres0
-999.	1000.0	291.35	4.0424	2.546	-0.12
-999.	975.0	293.83	2.7878	2.543	-0.12
-999.	950.0	295.62	2.0646	-6.38	-1.84
-999.	925.0	297.37	1.8500	-5.56	-1.00
-999.	900.0	298.62	1.7909	-2.16	3.388
-999.	875.0	299.84	1.7497	-2.22	3.203
-999.	850.0	300.81	1.7566	3.0	4.188
-999.	825.0	302.05	1.8000	4.473	4.531
-999.	800.0	303.59	1.9236	2.981	3.327
-999.	775.0	305.02	2.0739	-2.22	1.364
-999.	750.0	306.16	2.1015	-2.12	2.366
-999.	725.0	307.08	1.9740	-1.83	3.062
-999.	700.0	307.93	1.7732	-1.44	3.396
-999.	650.0	310.08	1.1132	-1.42	3.474
-999.	600.0	312.91	0.6544	-1.07	3.137
-999.	550.0	314.88	0.5033	-0.17	3.894
-999.	500.0	317.05	0.3241	0.302	5.233
-999.	450.0	319.65	0.1922	0.528	6.592
-999.	400.0	322.46	0.1483	1.662	8.151
-999.	350.0	325.66	0.0920	2.429	8.640
-999.	300.0	328.60	0.0516	2.253	7.909
-999.	275.0	330.23	0.0401	2.775	6.868
-999.	250.0	332.43	0.0329	3.468	5.704
-999.	225.0	335.14	0.0294	3.546	5.847
-999.	200.0	338.73	0.0268	2.967	7.923
-999.	175.0	344.87	0.0162	4.954	13.80
-999.	150.0	354.35	0.0108	9.240	16.92
-999.	125.0	371.46	0.0077	6.269	18.09
-999.	100.0	397.54	0.0038	4.352	17.11
